%YAML:1.0
---
K: !!opencv-matrix
   rows: 3
   cols: 3
   dt: d
   data: [ 939.70247732079906, 0., 637.81167709829106, 0.,
       956.04454882088635, 341.31024945142923, 0., 0., 1. ]
D: !!opencv-matrix
   rows: 1
   cols: 5
   dt: d
   data: [ 0.18448736108880842, -0.94829378427358957,
       -0.01265043845219016, -0.0038959068896974028, 1.1155516971075419 ]
